427,7
427,6
76,7
76,6
76,5
58,7
58,6
426,17
426,16
426,15
426,14
426,13
426,12
426,11
426,10
426,9
426,8
426,7
426,6
100,7
100,6
630,7
630,6
630,5
630,4
630,3
630,2
630,1
630,0
391,5
391,4
629,4
629,3
629,2
629,1
629,0
390,4
389,4
388,4
628,7
628,6
628,5
628,4
628,3
628,2
628,1
628,0
387,5
387,4
627,6
627,5
627,4
627,3
627,2
627,1
627,0
626,5
626,4
626,3
626,2
626,1
626,0
386,4
625,5
625,4
625,3
625,2
625,1
625,0
385,4
384,4
383,4
624,5
624,4
624,3
624,2
624,1
624,0
382,4
623,3
623,2
623,1
623,0
379,4
622,5
622,4
622,3
622,2
622,1
622,0
378,4
375,8
375,7
375,6
375,5
375,4
373,4
621,12
621,11
621,10
621,9
621,8
621,7
621,6
621,5
621,4
621,3
621,2
621,1
621,0
372,11
372,10
0,245
372,9
372,8
372,7
372,6
372,5
372,4
371,4
370,4
620,6
620,5
620,4
620,3
620,2
620,1
620,0
619,6
619,5
619,4
619,3
619,2
619,1
619,0
369,5
369,4
368,4
367,9
367,8
367,7
367,6
367,5
367,4
366,4
365,4
364,4
363,4
618,9
618,8
618,7
618,6
618,5
618,4
618,3
618,2
618,1
618,0
362,7
362,6
362,5
362,4
361,4
360,5
360,4
359,4
617,6
617,5
617,4
617,3
617,2
617,1
617,0
616,6
616,5
616,4
616,3
616,2
616,1
616,0
358,6
358,5
358,4
615,5
615,4
615,3
615,2
615,1
615,0
357,4
614,11
614,10
614,9
614,8
614,7
614,6
614,5
614,4
614,3
614,2
614,1
614,0
613,11
613,10
613,9
613,8
613,7
613,6
613,5
613,4
613,3
613,2
613,1
613,0
612,10
612,9
612,8
612,7
612,6
612,5
612,4
612,3
612,2
612,1
612,0
611,9
611,8
611,7
611,6
611,5
611,4
611,3
611,2
611,1
611,0
610,9
610,8
610,7
610,6
610,5
610,4
610,3
610,2
610,1
610,0
609,9
609,8
609,7
609,6
609,5
609,4
609,3
609,2
609,1
609,0
608,9
608,8
608,7
608,6
608,5
608,4
608,3
608,2
608,1
608,0
607,9
607,8
607,7
607,6
607,5
607,4
607,3
607,2
607,1
607,0
355,9
355,8
355,7
355,6
355,5
355,4
352,5
352,4
351,4
606,7
606,6
606,5
606,4
606,3
606,2
606,1
606,0
605,6
605,5
605,4
605,3
605,2
605,1
605,0
604,5
604,4
604,3
604,2
604,1
604,0
350,4
603,5
603,4
603,3
603,2
603,1
603,0
602,4
602,3
602,2
602,1
602,0
349,4
601,10
601,9
601,8
601,7
601,6
601,5
601,4
601,3
601,2
601,1
601,0
348,10
348,9
348,8
348,7
348,6
348,5
348,4
347,17
347,16
347,15
347,14
347,13
347,12
347,11
347,10
347,9
347,8
347,7
347,6
347,5
347,4
345,4
600,3
600,2
600,1
600,0
342,4
599,7
599,6
599,5
599,4
599,3
599,2
599,1
599,0
341,6
341,5
0,243
341,4
340,4
5,75
598,12
598,11
598,10
598,9
598,8
598,7
598,6
598,5
598,4
598,3
598,2
598,1
598,0
597,10
597,9
597,8
597,7
597,6
597,5
597,4
597,3
597,2
597,1
597,0
596,9
596,8
596,7
596,6
596,5
596,4
596,3
596,2
596,1
596,0
595,8
595,7
595,6
595,5
595,4
595,3
595,2
595,1
595,0
339,7
339,6
339,5
339,4
338,4
594,8
5,74
594,7
594,6
594,5
594,4
594,3
594,2
594,1
594,0
337,5
337,4
336,4
593,7
593,6
593,5
593,4
593,3
593,2
593,1
593,0
335,5
335,4
334,4
592,8
592,7
592,6
592,5
592,4
592,3
592,2
592,1
592,0
591,8
591,7
591,6
591,5
591,4
591,3
591,2
591,1
591,0
590,8
590,7
590,6
590,5
590,4
590,3
590,2
590,1
590,0
589,8
589,7
589,6
589,5
589,4
589,3
589,2
589,1
589,0
333,8
333,7
333,6
333,5
333,4
332,4
588,6
588,5
588,4
588,3
588,2
588,1
588,0
587,6
587,5
587,4
587,3
587,2
587,1
587,0
331,5
331,4
329,4
586,13
586,12
586,11
586,10
586,9
586,8
586,7
586,6
586,5
586,4
586,3
586,2
586,1
586,0
585,13
585,12
585,11
585,10
585,9
585,8
585,7
585,6
585,5
585,4
585,3
585,2
585,1
585,0
584,13
584,12
584,11
584,10
584,9
584,8
584,7
584,6
584,5
584,4
584,3
584,2
584,1
584,0
583,13
583,12
583,11
583,10
583,9
583,8
583,7
583,6
583,5
583,4
583,3
583,2
583,1
583,0
582,13
582,12
582,11
582,10
582,9
582,8
582,7
582,6
582,5
582,4
582,3
582,2
582,1
582,0
581,13
581,12
581,11
581,10
581,9
581,8
581,7
581,6
581,5
581,4
581,3
581,2
581,1
581,0
328,13
328,12
5,73
328,11
328,10
328,9
328,8
328,7
328,6
328,5
0,234
328,4
327,4
580,7
580,6
580,5
580,4
580,3
580,2
580,1
580,0
579,7
579,6
579,5
579,4
579,3
579,2
579,1
579,0
578,7
578,6
578,5
578,4
578,3
578,2
578,1
578,0
326,7
326,6
326,5
326,4
325,4
577,8
577,7
577,6
577,5
577,4
577,3
577,2
577,1
577,0
324,8
324,7
324,6
324,5
0,233
324,4
576,6
576,5
576,4
576,3
576,2
576,1
576,0
575,5
575,4
575,3
575,2
575,1
575,0
321,5
321,4
320,4
319,4
574,5
574,4
574,3
574,2
574,1
574,0
318,5
318,4
573,5
573,4
573,3
573,2
573,1
573,0
317,5
0,231
5,69
317,4
316,5
316,4
5,68
315,4
314,4
572,4
572,3
572,2
572,1
572,0
5,67
313,4
312,5
5,66
312,4
311,4
571,10
571,9
571,8
571,7
571,6
571,5
571,4
571,3
571,2
571,1
571,0
570,10
570,9
570,8
570,7
570,6
570,5
570,4
570,3
570,2
570,1
570,0
569,7
569,6
569,5
569,4
569,3
569,2
569,1
569,0
310,4
309,4
307,4
568,6
568,5
568,4
568,3
568,2
568,1
568,0
567,6
567,5
567,4
567,3
567,2
567,1
567,0
0,229
566,6
566,5
566,4
566,3
566,2
566,1
566,0
306,6
0,228
306,5
306,4
565,6
565,5
565,4
565,3
565,2
565,1
565,0
305,5
305,4
5,65
304,4
303,4
302,4
301,4
300,6
300,5
300,4
299,5
299,4
298,4
297,5
297,4
564,16
564,15
564,14
564,13
564,12
564,11
564,10
564,9
564,8
564,7
564,6
564,5
564,4
564,3
564,2
564,1
564,0
563,16
563,15
563,14
563,13
563,12
563,11
563,10
563,9
563,8
563,7
563,6
563,5
563,4
563,3
563,2
563,1
563,0
562,16
562,15
562,14
562,13
562,12
562,11
562,10
562,9
562,8
562,7
562,6
562,5
562,4
562,3
562,2
562,1
562,0
0,227
561,15
561,14
561,13
561,12
561,11
561,10
561,9
561,8
561,7
561,6
561,5
561,4
561,3
561,2
561,1
561,0
296,14
296,13
296,12
296,11
296,10
296,9
296,8
296,7
296,6
296,5
296,4
560,4
560,3
560,2
560,1
560,0
293,4
292,6
292,5
292,4
291,4
559,4
559,3
559,2
559,1
559,0
290,4
5,64
289,4
558,8
558,7
558,6
558,5
558,4
558,3
558,2
558,1
558,0
284,8
284,7
284,6
284,5
284,4
280,4
279,7
279,6
279,5
279,4
278,6
278,5
278,4
5,35
276,4
557,6
557,5
557,4
557,3
557,2
557,1
557,0
556,5
556,4
556,3
556,2
556,1
556,0
275,4
273,4
272,6
5,34
272,5
272,4
270,4
268,5
268,4
266,4
258,4
555,7
555,6
555,5
555,3
555,2
555,1
555,0
554,5
554,4
554,3
554,2
554,1
554,0
553,4
553,3
553,2
553,1
553,0
256,4
552,13
552,12
552,11
552,10
552,9
552,8
552,7
552,6
552,5
552,4
552,3
552,2
552,1
552,0
255,6
255,5
255,4
254,4
253,4
252,6
252,5
252,4
251,4
250,4
248,4
246,4
245,4
551,7
551,6
551,5
551,4
551,3
551,2
551,1
551,0
0,226
244,5
244,4
243,7
243,6
243,5
243,4
242,4
241,6
241,5
241,4
239,4
550,6
550,5
550,4
550,3
550,2
550,1
550,0
549,6
549,5
549,4
549,3
549,2
549,1
549,0
238,5
238,4
548,6
548,5
548,4
548,3
548,2
548,1
548,0
547,5
547,4
547,3
547,2
547,1
547,0
237,4
236,4
546,6
546,5
546,4
546,3
546,2
546,1
546,0
235,4
234,4
233,4
232,5
232,4
231,4
545,7
545,6
545,5
545,4
545,3
545,2
545,1
545,0
544,7
544,6
544,5
544,4
544,3
544,2
544,1
544,0
230,4
229,4
543,7
543,6
543,5
543,4
543,3
543,2
543,1
543,0
5,33
228,5
228,4
542,3
542,2
542,1
542,0
225,4
224,4
223,10
223,9
223,8
223,7
5,32
223,6
223,5
223,4
5,31
221,4
541,4
541,3
541,2
541,1
541,0
220,4
540,7
540,6
540,5
540,4
540,3
540,2
540,1
540,0
539,7
539,6
539,5
539,4
539,3
539,2
539,1
539,0
219,7
219,6
219,5
5,30
219,4
218,4
538,5
538,4
538,3
538,2
538,1
538,0
217,5
217,4
216,4
537,4
537,3
537,2
537,1
537,0
214,4
536,8
536,7
536,6
536,5
536,4
536,3
536,2
536,1
536,0
535,7
535,6
535,5
535,4
535,3
535,2
535,1
535,0
213,7
213,6
213,5
213,4
212,4
534,8
534,7
534,6
534,5
534,4
534,3
534,2
534,1
534,0
533,8
533,7
533,6
533,5
533,4
533,3
533,2
533,1
533,0
532,8
532,7
532,6
532,5
532,4
532,3
532,2
532,1
532,0
211,8
211,7
211,6
211,5
211,4
210,4
531,7
531,6
531,5
531,4
531,3
531,2
531,1
531,0
0,225
530,7
530,6
530,5
530,4
530,3
530,2
530,1
530,0
529,7
529,6
529,5
529,4
529,3
529,2
529,1
529,0
209,7
209,6
209,5
209,4
208,4
207,4
528,4
528,3
528,2
528,1
528,0
205,4
527,8
527,7
527,6
527,5
527,4
527,3
527,2
527,1
527,0
526,7
526,6
526,5
526,4
526,3
526,2
526,1
526,0
204,7
204,6
204,5
204,4
525,11
525,10
525,9
525,8
525,7
525,6
525,5
525,4
525,3
525,2
525,1
525,0
524,11
524,10
524,9
524,8
524,7
524,6
524,5
524,4
524,3
524,2
524,1
524,0
0,224
523,11
523,10
523,9
523,8
523,7
523,6
523,5
523,4
523,3
523,2
523,1
523,0
522,11
522,10
522,9
522,8
522,7
522,6
522,5
522,4
522,3
522,2
522,1
522,0
203,11
203,10
203,9
203,8
203,7
203,6
203,5
203,4
202,4
521,14
0,223
521,13
521,12
521,11
521,10
521,9
521,8
521,7
521,6
521,5
521,4
521,3
521,2
521,1
521,0
520,14
520,13
520,12
520,11
520,10
520,9
520,8
520,7
520,6
520,5
520,4
520,3
520,2
520,1
520,0
519,14
519,13
519,12
519,11
519,10
519,9
519,8
519,7
519,6
519,5
519,4
519,3
519,2
519,1
519,0
518,14
518,13
518,12
518,11
518,10
518,9
518,8
518,7
518,6
518,5
518,4
518,3
518,2
518,1
518,0
517,14
517,13
517,12
517,11
517,10
517,9
517,8
517,7
517,6
517,5
517,4
517,3
517,2
517,1
517,0
201,14
201,13
201,12
201,11
201,10
201,9
201,8
201,7
201,6
201,5
201,4
5,29
200,4
199,4
196,4
194,11
194,10
194,9
194,8
194,7
194,6
194,5
194,4
193,4
516,4
516,3
516,2
516,1
516,0
192,4
515,5
515,4
515,3
515,2
515,1
515,0
191,5
191,4
189,4
514,8
514,7
514,6
514,5
514,4
514,3
514,2
514,1
514,0
513,8
513,7
513,6
513,5
513,4
513,3
513,2
513,1
513,0
512,8
512,7
512,6
512,5
512,4
512,3
512,2
512,1
512,0
511,8
511,7
511,6
511,5
511,4
511,3
511,2
511,1
511,0
188,8
188,7
188,6
188,5
188,4
187,4
186,4
185,11
185,10
185,9
0,222
185,8
185,7
185,6
185,5
185,4
182,4
181,4
5,28
510,5
510,4
510,3
510,2
510,1
510,0
180,4
509,5
509,4
509,3
509,2
509,1
509,0
179,4
178,6
178,5
5,27
178,4
177,6
177,5
177,4
176,5
5,26
176,4
5,25
175,5
175,4
508,6
508,5
508,4
508,3
508,2
508,1
508,0
174,4
507,5
507,4
507,3
507,2
507,1
507,0
173,5
173,4
172,4
171,5
171,4
170,4
506,6
506,5
506,4
506,3
506,2
506,1
506,0
505,6
505,5
505,4
505,3
505,2
505,1
505,0
169,6
169,5
169,4
168,4
167,8
167,7
167,6
167,5
167,4
166,4
164,4
504,4
504,3
504,2
504,1
504,0
163,4
162,4
503,7
503,6
503,5
503,4
503,3
503,2
503,1
503,0
502,7
502,6
502,5
502,4
502,3
502,2
502,1
502,0
501,7
501,6
501,5
501,4
501,3
501,2
501,1
501,0
161,7
161,6
161,5
161,4
160,4
159,9
159,8
159,7
159,6
159,5
159,4
158,4
500,10
500,9
500,8
500,7
500,6
500,5
500,4
500,3
500,2
500,1
500,0
499,9
499,8
499,7
499,6
499,5
499,4
499,3
499,2
499,1
499,0
498,9
498,8
498,7
498,6
498,5
498,4
498,3
498,2
498,1
498,0
157,9
157,8
157,7
157,6
157,5
157,4
156,4
497,6
497,5
497,4
497,3
497,2
497,1
497,0
496,6
496,5
496,4
496,3
496,2
496,1
496,0
155,6
155,5
155,4
154,4
152,4
495,7
495,6
495,5
495,4
495,3
495,2
495,1
495,0
494,6
494,5
494,4
494,3
494,2
494,1
494,0
493,6
493,5
493,4
493,3
493,2
493,1
493,0
151,5
151,4
150,4
492,6
492,5
492,4
492,3
492,2
492,1
492,0
147,4
491,6
491,5
491,4
491,3
491,2
491,1
491,0
146,5
146,4
145,4
490,11
490,10
490,9
490,8
490,7
490,6
490,5
490,4
490,3
490,2
490,1
490,0
489,11
489,10
489,9
489,8
489,7
489,6
489,5
489,4
489,3
489,2
489,1
489,0
488,11
488,10
488,9
488,8
488,7
488,6
488,5
488,4
488,3
488,2
488,1
488,0
487,11
487,10
487,9
487,8
487,7
487,6
487,5
487,4
487,3
487,2
487,1
487,0
486,11
486,10
486,9
486,8
486,7
486,6
486,5
486,4
486,3
486,2
486,1
486,0
144,11
144,10
144,9
144,8
144,7
144,6
144,5
144,4
143,11
143,10
0,221
143,9
143,8
143,7
0,220
143,6
143,5
143,4
485,3
485,2
485,1
485,0
140,4
484,5
484,4
484,3
484,2
484,1
484,0
483,5
483,4
483,3
483,2
483,1
483,0
482,5
482,4
482,3
482,2
482,1
482,0
481,5
481,4
481,3
481,2
481,1
481,0
480,5
480,4
480,3
480,2
480,1
480,0
479,5
479,4
479,3
479,2
479,1
479,0
478,5
478,4
478,3
478,2
478,1
478,0
477,5
477,4
477,3
477,2
477,1
477,0
476,5
476,4
476,3
476,2
476,1
476,0
475,5
475,4
475,3
475,2
475,1
475,0
474,5
474,4
474,3
474,2
474,1
474,0
473,5
473,4
473,3
473,2
473,1
473,0
472,5
472,4
472,3
472,2
472,1
472,0
471,5
471,4
471,3
471,2
471,1
471,0
470,5
470,4
470,3
470,2
470,1
470,0
469,5
469,4
469,3
469,2
469,1
469,0
468,5
468,4
468,3
468,2
468,1
468,0
467,5
467,4
467,3
467,2
467,1
467,0
466,5
466,4
466,3
466,2
466,1
466,0
465,5
465,4
465,3
465,2
465,1
465,0
464,5
464,4
464,3
464,2
464,1
464,0
463,5
463,4
463,3
463,2
463,1
463,0
462,5
462,4
462,3
462,2
462,1
462,0
461,5
461,4
461,3
461,2
461,1
461,0
460,5
460,4
460,3
460,2
460,1
460,0
459,5
459,4
459,3
459,2
459,1
459,0
458,5
458,4
458,3
458,2
458,1
458,0
457,5
457,4
457,3
457,2
457,1
457,0
456,5
456,4
456,3
456,2
456,1
456,0
5,24
455,5
455,4
455,3
455,2
455,1
455,0
454,5
454,4
454,3
454,2
454,1
454,0
453,5
453,4
453,3
453,2
453,1
453,0
452,5
5,23
452,4
452,3
452,2
452,1
452,0
451,4
451,3
451,2
451,1
451,0
128,4
450,5
450,4
450,3
450,2
450,1
450,0
449,5
449,4
449,3
449,2
449,1
449,0
448,5
448,4
448,3
448,2
448,1
448,0
447,5
447,4
447,3
447,2
447,1
447,0
446,5
446,4
446,3
446,2
446,1
446,0
445,5
445,4
445,3
445,2
445,1
445,0
444,5
444,4
444,3
444,2
444,1
444,0
443,5
443,4
443,3
443,2
443,1
443,0
442,5
442,4
442,3
442,2
442,1
442,0
441,5
441,4
441,3
441,2
441,1
441,0
440,5
440,4
440,3
440,2
440,1
440,0
